87054.33333333333
51734.0
8345.583333333334
2918.805555555555
722.1388888888887
208.1388888888889
71.1388888888889
169.47222222222223
156.47222222222223
101.1388888888889
66.80555555555556
292.47222222222223
90.47222222222223
127.1388888888889
88.1388888888889
147.13888888888889
92.47222222222223
117.47222222222223
136.13888888888889
94.47222222222223
112.47222222222223
126.47222222222223
99.1388888888889
168.47222222222223
133.47222222222223
61.47222222222222
53.47222222222222
82.47222222222223
82.47222222222223
82.47222222222223
94.47222222222223
94.47222222222223
79.1388888888889
86.47222222222223
86.47222222222223
86.47222222222223
86.47222222222223
86.47222222222223
86.47222222222223
